# Test will run for about 30 seconds
1 387710976 592064512 742100992 932851712 868765696 -771473408
2 302505984 479408128 976392192 940216320 875913216 -720531456
3 326299648 452583424 939143168 927199232 878342144 -771399680
4 331558912 388141056 984457216 947933184 868241408 -774635520
5 301625344 469278720 966078464 947298304 875507712 -735178752
6 313483264 535519232 972214272 946733056 873222144 -653795328
7 314535936 544677888 949342208 950030336 881168384 -655212544
8 317325312 445657088 962822144 945778688 865550336 -757833728
9 324730880 485851136 968970240 947183616 852144128 -716087296
10 307118080 400920576 983470080 945946624 876769280 -780742656
11 314703872 422846464 950165504 934658048 882728960 -789864448
12 294035456 334286848 980451328 937107456 898211840 -850874368
13 295325696 392548352 973234176 939171840 872779776 -821907456
14 329789440 461508608 966041600 941428736 869343232 -726855680
15 333271040 422715392 984924160 932044800 880513024 -741498880
16 335073280 542228480 954822656 941694976 874012672 -647135232
17 308342784 449712128 973524992 948764672 885817344 -728805376
18 328785920 434044928 969940992 950149120 872865792 -739180544
19 323706880 401821696 984969216 921878528 881967104 -780623872
20 298835968 425361408 955043840 935919616 883523584 -796282880
21 308613120 428408832 1018384384 963473408 872673280 -703414272
22 320806912 420753408 993071104 936951808 870612992 -752771072
23 337309696 425934848 935743488 953581568 883347456 -759050240
24 320909312 529682432 988454912 912629760 886460416 -656830464
25 302501888 450076672 968192000 946479104 880234496 -747483136
26 312066048 515137536 967102464 939827200 866246656 -694587392
27 332804096 434417664 984662016 938868736 875749376 -728465408
28 335884288 345464832 927322112 941010944 889585664 -855699456
29 317259776 507006976 952352768 932450304 884891648 -701005824
30 334229504 558755840 953659392 962121728 862502912 -623697920
31 330153984 510541824 1019793408 907603968 885092352 -641781760
